   1            "a"  986  1202.213501 1708.479004 1932.128418
   2            "b"  146  233.690063 230.961639 279.503876
   3            "c"   25   33.473412  28.237345  28.816938
   4            "d"  152  230.315598 156.520569 368.990753
   5            "e"  241  506.052643 242.933640 632.157715
   6            "f"   14   20.166277  19.016855 354.397339
   7            "g"   91  141.852325 109.000732 467.698059
   8            "h"   84  175.020325 118.908669 1654.021851
   9            "i"  432  727.802979 941.875244 689.319885
  10            "j"   61   92.065918  73.300575  92.778908
  11            "k"  309  422.567566 452.155548 913.566162
  12            "l"  184  189.828293 186.312775 307.285278
  13            "m"  213  305.331207 218.423035 272.400909
  14            "n"  267  291.518921 273.414673 465.436066
  15            "o"   57  169.594833  91.733658 113.132942
  16            "p"  111  159.491272 182.719101 521.542542
  17            "r"  147  151.060867 157.285736 1656.437622
  18            "s"  194  228.084137 240.500031 321.444885
  19            "t"  225  267.593231 333.409088 344.524994
  20            "u"  373  445.851013 585.109314 708.811584
  21            "v"    9   23.084784  12.305950  25.555666
  22            "w"    8   13.447749   9.032555  20.378330
  23            "y"   62   75.608696  62.901150  64.148636
  24         "t+ex"   12   34.991039  22.756714  26.681595
  25        "u-r+a"    9   15.755126  11.816282  14.009985
  26        "u-r+i"    9    9.543231  11.502820   9.123004
  27        "u-r+u"   44   55.515896  53.065243  85.523834
  28        "u-s+a"   12   35.458549  49.157673  38.877644
  29        "u-s+k"    4   13.882405  13.115859  10.218012
  30        "u-s+t"   22   52.366196  67.171471  32.588509
  31       "s-a+ng"   13   26.898222  27.734901  23.688057
  32        "u-t+a"   24   67.980049  40.784760  49.137524
  33        "u-t+i"    4   18.292788   4.986050   6.268008
  34        "u-t+k"    8   22.086893  11.050941  11.561691
  35        "u-t+m"    5   13.406781   6.275549   7.648650
  36        "u-t+r"    5   16.133917   8.062600  19.179705
  37        "u-t+u"    4   11.745305   6.992081   6.011534
  38        "k-e+b"   21   24.083168  30.308472  40.429985
  39        "k-e+d"    5    6.645724   8.308594  10.741296
  40        "k-e+g"    8   11.443164  10.902117  25.525215
  41        "k-e+k"    5    5.007664   7.056618  15.002478
  42        "k-e+l"   46   48.359051  51.064919  53.139763
  43        "k-e+m"   32   34.757736  40.017719  53.395576
  44        "k-e+n"   34   45.109211  43.034901  49.673481
  45        "k-e+p"   14   16.169090  19.544424  26.782625
  46        "k-e+r"    8    9.922220   9.589355  14.601628
  47        "k-e+s"    9   17.856665   9.740778   9.643836
  48        "k-e+t"   12   15.975156  19.158249  24.550552
  49           "ex"   46   82.565407 163.781616 661.205200
  50        "u-u+a"    5    9.960323  44.405460  12.645037
  51        "u-u+u"    5    8.906657  41.389790  15.730260
  52           "ng"   94  101.444366 103.826332 118.402870
  53           "ny"   52   58.968197  58.516098  52.645275
  54           "sp" 6584  29608.441406
  55           "sy"    1    0.999998   1.000000   1.000472
  56      "ex-s+ex"   17   78.404434  77.111664  48.264927
  57        "k-i+n"   80  178.397720 240.019287 145.076843
  58        "k-i+r"   31   67.731956  89.838928  62.464184
  59        "k-i+s"   13   31.665981  40.746731  27.238440
  60        "k-i+t"   76  141.019501 177.720505 177.131195
  61       "u-a+ng"    9   15.213530  28.555706  30.398571
  62       "u-a+ny"    9   18.391911  14.888395  18.469419
  63        "k-l+a"    9   10.390099  17.648111  12.293638
  64        "k-l+u"   43   58.087791  61.897282  52.623425
  65       "b-ex+d"    8   19.665657  33.227791  12.504436
  66       "b-ex+n"    4    9.638331  33.309536   8.698129
  67       "m-b+ex"    4    4.986599   6.239993   8.506583
  68        "k-o+k"   14   29.495867  72.345863  58.481823
  69        "k-o+l"   31   84.180099 100.512352  54.828300
  70        "k-o+m"    5   11.215701  18.177950  12.790600
  71        "a-a+f"   13   23.007772 140.301208  30.106432
  72        "a-a+n"   40   49.277000 111.638702  65.211060
  73        "a-a+t"   25   34.088482  45.283710  58.170643
  74        "a-b+a"    4    6.991053   4.999269   8.998651
  75        "a-b+u"    9   30.976713  16.936283  13.804986
  76        "k-r+a"    4    5.001183   4.016811   4.941512
  77       "i-k+ex"    9   16.128130  19.906487  15.357069
  78        "a-c+a"   49  204.207733 169.317993 119.017151
  79        "k-s+i"    4    5.676925  17.961645   9.024487
  80        "k-s+u"    4   12.069981  13.611462  11.601740
  81        "a-d+a"  164  396.939270 205.334930 267.762573
  82        "a-d+e"    5   12.326961   6.008263   5.999953
  83        "a-d+i"   87  208.301498 102.358528 112.102158
  84        "k-t+o"    4    9.900742   7.970019   7.029628
  85        "k-t+u"   18   36.685272  29.369867  33.661423
  86       "d-ex+h"    5    7.787927  37.032478  56.051693
  87        "k-u+k"   12   26.428589  32.949055  26.029375
  88        "k-u+m"    4    5.038854   8.957611   7.004692
  89        "k-u+n"    5    8.994322   9.594943  13.704324
  90        "k-u+t"   30   63.400536 146.544205 104.765709
  91       "a-l+ny"   13   23.200323  19.078415  34.126915
  92        "n-a+a"    4   12.603945  14.672771   7.698836
  93        "n-a+h"   24   66.119751 228.288605  62.451893
  94        "n-a+k"   10   24.448477  36.827744  30.286913
  95        "n-a+l"   10   25.384260  93.584763  31.210461
  96        "n-a+m"    9   21.664433  32.837845  15.905824
  97        "n-a+n"   40   91.984978 159.625504  87.439400
  98        "n-a+p"   28   71.197136 169.615631 119.470917
  99        "n-a+r"   46  120.487991 296.583588 165.268417
 100        "n-a+s"   23   48.854546  54.856800  38.910702
 101        "a-g+a"   37   75.133636  63.265396  73.307472
 102        "a-g+i"   36   97.032547  52.063751  79.620926
 103        "a-g+u"    5   17.432384  11.382755  37.100704
 104       "l-o+ng"    5    8.874209   9.587109   8.213079
 105        "a-h+a"   31   48.622532  68.665848  75.367371
 106        "a-h+k"   14   16.282007  32.473404  29.499157
 107        "a-h+l"    5    6.058950   8.043807   5.597387
 108        "a-h+r"   14   23.623266  20.964752  34.543823
 109        "a-h+u"   52  150.469376  90.047508 238.816208
 110        "n-c+a"    5    9.024210  17.993670  13.974646
 111        "n-c+i"    5   13.996777  16.996073   6.134291
 112        "a-i+k"   15   22.501143  42.838699  47.378342
 113        "a-i+m"   14   14.004724  21.022497  28.951513
 114        "a-i+n"   26   48.762264 116.272804  47.850544
 115       "y-a+ng"  159  192.445023 186.530960 176.907715
 116        "n-d+a"   73   81.757515  78.692543 103.837387
 117        "n-d+i"   14   17.950647  14.003646  15.141066
 118        "n-d+u"   10   15.294305  11.092554  17.129114
 119        "a-j+a"   88  326.247253 269.899933 246.175690
 120        "n-e+m"    4    5.972899   4.999600   7.927873
 121        "n-e+r"   25   32.766296  35.602306  41.766983
 122         "d+ex"    9   30.935013  11.650558  12.491275
 123        "a-k+a"  196  514.858643 561.216553 420.289307
 124        "a-k+i"    4   10.021392   8.011612   8.001657
 125        "a-k+r"    4   13.960247   7.571925   8.747390
 126        "a-k+s"    4    9.229233   7.998772  12.323424
 127        "a-k+t"   18   27.616528  43.166256  25.918783
 128        "a-k+u"  134  332.732605 317.619965 243.895676
 129        "a-l+a"  244  337.368103 478.229736 278.172333
 130        "a-l+i"   83  106.093216 118.796097 102.298714
 131        "a-l+u"   37   61.548473  72.500565  56.080971
 132         "d-ex"    4    9.459481  73.681564  65.905846
 133        "a-m+a"  109  326.008148 256.445831 217.089188
 134        "a-m+i"   37  138.259476  70.721840  56.735088
 135        "a-m+p"   18   68.183739  29.535553  25.053669
 136        "a-m+u"   46  138.270401 104.486679  79.349182
 137        "a-n+a"   65  101.361374 105.761200 103.087082
 138        "a-n+c"    5   16.751810  12.983982   6.006644
 139        "a-n+d"   79  359.937683 207.947083  92.001389
 140        "a-n+k"    4   12.372494   9.996248   9.556729
 141        "a-n+l"    4    9.046892   5.027091   4.807919
 142        "a-n+p"    5   18.572123   8.558378   5.896311
 143        "a-n+t"   85  283.234222 156.821289 105.947868
 144        "a-n+u"    9   59.876476  18.056433  11.662210
 145        "a-n+y"   18  102.469925  93.107407 127.206009
 146        "n-i+a"    5   11.588422  42.163269  14.835254
 147        "n-i+h"    5    9.840150  22.277557  10.279406
 148        "n-i+k"    4    7.993694  24.344315  12.968329
 149        "n-j+a"   74  119.294762 177.224823 209.735550
 150        "n-j+e"    5    8.475196   8.274808   8.842599
 151        "a-p+a"  131  407.358551 293.195374 242.828918
 152        "a-p+i"   38  132.029007  66.156677  53.292004
 153        "a-p+u"    4   15.995825   9.574144   5.499695
 154        "n-k+u"    4    6.016801   4.005020   6.000343
 155        "n-l+a"    4    5.205242   9.327800   7.187298
 156        "a-r+a"  100  144.516006 125.981941 173.601318
 157        "a-r+e"   12   15.131503  12.967791  14.631078
 158        "a-r+i"  103  133.864090 123.216988 166.882263
 159        "a-r+n"    5    9.219493   9.999927   5.155250
 160        "a-r+o"   12   16.528011  13.840167  14.714348
 161        "a-r+s"    9   15.125361  11.212300  78.251991
 162        "a-r+t"   21   38.755333  33.556454  31.476902
 163        "a-r+u"   22   29.494629  26.881491 205.808716
 164       "h-ex+b"    5   13.162910  23.886366  12.032161
 165       "h-ex+h"    5   37.507076  42.091965  26.736912
 166       "h-ex+i"    8   82.679504  72.703201  20.604210
 167        "a-s+a"   80  225.985184 359.473999 252.001892
 168        "a-s+i"   36  100.251350 172.201859  84.479813
 169        "a-s+k"    4   14.363371  17.027199  11.257554
 170        "a-s+m"    5   18.091324  21.523808  23.353203
 171        "a-s+t"   25   64.502716  99.035789  48.835007
 172        "a-s+u"   13   40.075199  54.612137  36.085655
 173         "u-ng"   24   87.322113  50.700073  36.240204
 174        "a-t+a"   65  162.411896 120.367027 118.593483
 175        "a-t+i"    4   10.094297   7.998338   7.222531
 176        "a-t+o"    9   22.884169  14.437771  17.679064
 177        "a-t+u"   34   87.054535  68.629379  65.953735
 178        "n-o+l"    4   12.809565  13.604692   8.296962
 179        "a-u+h"    5    9.802966  50.966858  20.853245
 180        "a-u+p"    5   12.671317  16.448706  16.571426
 181        "n-p+a"    5    8.129343   5.019534   9.097021
 182        "d-a+h"   52  116.710358 175.157974 118.562828
 183        "d-a+k"    8   24.088530  31.922155  30.037735
 184        "d-a+l"   20   41.532181  82.871223  40.818237
 185        "d-a+n"   50   95.596970 167.055008  84.864952
 186        "d-a+p"    8   16.989227  15.169085  25.403793
 187        "d-a+r"   45   74.670891 111.148338  73.891327
 188        "d-a+t"    4   10.227972  16.771509  16.561769
 189        "d-a+y"   24   44.989613  57.377399  64.089554
 190        "a-w+a"   16   21.684446  31.940842  91.708435
 191       "o-k+ex"   10   38.124283  18.689909  27.272991
 192       "o-k+ny"    4   10.373010   6.135887  10.488589
 193       "d-ny+a"    4   10.756979  10.172655   8.019167
 194        "a-y+a"   98  394.241699 348.853180 152.359024
 195        "a-y+o"   34  158.974609  70.687500  55.157120
 196        "n-t+a"   36   57.211250  58.897915  60.020134
 197        "n-t+i"   47   95.514465  63.006451  71.753899
 198        "n-t+o"   50   75.348763  67.900848  85.511986
 199        "n-t+u"   67  106.489555  84.283592 120.326927
 200        "d-e+h"    5    9.999887   5.143162  15.021218
 201        "d-e+p"    8   10.140503  12.351232  31.046938
 202        "n-u+l"    4    6.022308   6.340834   4.307839
 203        "n-u+m"    8   16.637825  14.978949  12.267346
 204        "n-u+r"   17   45.210224  69.815872  28.692371
 205         "m+ex"   10   18.514669  14.711373  26.146791
 206        "d-i+a"   44   78.787422 215.470367  50.889351
 207        "d-i+b"   30   48.301682  59.264801  60.606255
 208        "d-i+g"    5    8.087604  16.024418  21.889174
 209        "d-i+i"    4    5.494629  13.316858   7.963509
 210        "d-i+j"    4    7.076203   9.923113  10.983875
 211        "d-i+k"   18   23.436039  34.201008  30.859232
 212        "d-i+l"    4    3.999898  14.676691   9.959321
 213        "d-i+m"    4    6.339929   6.110283  10.773689
 214        "d-i+p"   34   52.377949  95.419174 113.688499
 215        "d-i+r"    5    6.011506  26.915897   7.132317
 216        "d-i+s"   26   31.053249  40.101837  37.229267
 217        "d-i+t"    8   11.944733  20.257885  23.261341
 218        "n-y+a"   18   86.331863 107.617386  30.424036
 219         "sy-i"    9   18.392473  20.813454  22.696993
 220       "l-ex+h"   22   39.116516  61.624130  29.136766
 221       "u-s+ny"    4   13.000012  18.858757  13.730361
 222       "ny-a+a"    5    9.622919  13.926491   7.043760
 223       "ny-a+k"   21   27.595221  36.477905  60.747917
 224       "t-o+sy"    9   14.768706  23.379807  24.664366
 225       "a-m+ex"    4   14.572177   9.421933   6.007422
 226       "a-m+ny"   12   65.971832  19.555147  20.317755
 227       "ny-e+b"    5    5.002224   5.001586   7.963574
 228       "n-ex+h"   13   34.588711  37.212276  33.401581
 229       "n-ex+n"    5   15.677931  15.659270   8.721400
 230       "n-ex+r"   12   25.144686  36.095421  20.744846
 231         "e+ng"    9   35.680214  17.265070  15.547849
 232        "d-u+a"   29   72.870178 155.341629  65.578331
 233        "d-u+k"    4    8.560536  11.730863   5.224777
 234        "d-u+l"    8   16.484877  42.096577  17.362070
 235        "d-u+p"    5   11.283860  17.309353  12.098187
 236        "d-u+s"   10   22.207712  61.693760  27.510153
 237       "ny-i+m"    4    4.000462   5.023640   8.989307
 238       "ny-i+u"   15   15.969934  19.301285  19.743309
 239        "g-a+i"   18   30.076368  28.339619  18.950813
 240        "g-a+k"  157  370.103882 711.733215 481.437500
 241        "g-a+n"   14   34.471462  43.651215  25.698641
 242        "g-a+r"   12   27.826643  60.787319  20.673395
 243        "g-a+s"    4    9.114627   5.660120   5.143060
 244       "g-u+ng"    5   11.886511  38.845097  13.820205
 245       "g-u+ny"   16   25.289036  43.806149  93.235855
 246       "b-i+ng"    5   21.805073  23.812574  13.158564
 247        "g-e+d"    5    5.145873   6.928791  16.933956
 248        "t-a+d"    5   14.640122  13.366761   8.993416
 249        "t-a+h"   52  114.799469 237.590164 148.477081
 250        "t-a+k"   63  139.971985 175.024841 141.725601
 251        "t-a+l"    4   10.402826  33.551418  35.832333
 252        "t-a+m"    8   18.221205  42.253922  19.699402
 253        "t-a+n"   89  185.319748 351.709564 182.929962
 254        "t-a+p"   42   94.901039 130.485825 129.419922
 255        "t-a+r"   35   86.567871 216.271759 147.776154
 256        "t-a+s"   13   21.557785  24.075113  18.454029
 257        "t-a+u"   17   34.822487  86.830597  51.203087
 258        "g-i+a"   13   31.806997  45.914364  27.104206
 259        "g-i+m"   37   88.873474  93.539726  79.176422
 260        "g-i+n"   16   37.053997  83.456902  30.744814
 261        "g-i+t"   84  181.251862 380.128265 340.908478
 262       "l-ny+a"   13   47.185020  62.634739  88.402054
 263        "t-e+l"    5    5.000244   6.998661   8.522442
 264        "t-e+m"   17   19.865303  18.872805  29.285398
 265        "t-e+n"   26   32.279011  44.157223  53.904442
 266        "t-e+r"   79   94.271408 101.892181 128.479736
 267        "t-e+t"    4    4.967657   5.651957  13.329638
 268       "r-ex+k"   94  254.864456 415.059143 259.933655
 269       "d-i+ng"    9   13.269078  21.461590  18.236160
 270       "o-l+ex"   22   29.176102  33.100296  27.747959
 271        "t-i+a"   46   91.491608  82.984596  76.933601
 272        "t-i+b"   10   24.059717  27.699217  24.329084
 273        "t-i+d"    8   20.330706  27.496075  18.825891
 274        "t-i+f"    4    9.000178   6.211395  12.475626
 275        "t-i+k"    9   20.214947  49.457775  45.845070
 276        "t-i+m"    5   10.540964  17.005501  12.527482
 277        "t-i+r"    4    8.115781   6.916321   6.073907
 278        "t-i+s"    4    7.258537   6.987835   6.629665
 279        "t-i+v"   41   79.732643 102.548370 102.388016
 280       "b-a+ng"    5   10.814090  28.456211   8.516032
 281       "b-a+ny"   17   45.765884  63.200851  50.887558
 282        "t-k+u"   12   29.676291  27.207613  24.060167
 283       "n-ny+a"   58  140.699402 194.732559 109.870766
 284       "k-u+ny"   22   41.517700  49.550014 112.818901
 285       "t-ex+h"    8   19.483234  52.736179  38.217674
 286        "g-r+u"    4    5.181051   5.018810   4.759455
 287        "t-m+u"    5   18.766254   8.577842  10.432366
 288        "t-o+b"    4    9.996122   6.001297   6.855656
 289        "t-o+h"    4    5.999043  12.614480   7.255234
 290        "t-o+l"   51   97.945702 157.596130  86.207069
 291        "g-u+n"   26   35.887486  72.409340  57.724064
 292        "g-u+s"    5   12.614861  32.952309  31.950602
 293       "u-t+ny"   10   33.430866  14.806152  13.808312
 294        "j-a+a"    4    8.772663   9.444311   8.594049
 295        "j-a+d"   74  137.516068 231.680084 172.417969
 296        "j-a+g"    5    8.584795  13.762175  10.762267
 297        "j-a+k"    4    8.776697   6.213372  14.895491
 298        "j-a+m"   89  190.567490 136.766907 122.854836
 299        "j-a+n"    4    9.827250  27.027088  47.009129
 300        "j-a+r"   20   43.448502  68.361412  28.290653
 301        "j-a+u"    5   13.652778  33.297230  11.485321
 302        "j-a+w"    4    8.250695   5.773819   5.528502
 303       "d-a+ng"    9   21.470312  20.246674  14.837643
 304        "t-r+a"   20   44.906490  38.699551  29.937380
 305        "t-r+i"    5    7.564341   6.773623  33.267693
 306       "m-u+ng"   76  121.323952 138.287735  89.094833
 307       "a-n+ex"   18   35.363998  37.082176  32.199448
 308       "a-n+ny"   58  177.932404 124.440132  93.542282
 309        "j-e+l"    9   10.454240  11.079548  19.716856
 310        "t-u+a"    9   22.523870  47.950932  20.021425
 311        "t-u+g"    4    8.999315   8.011668   7.766042
 312        "t-u+h"   10   24.056461  55.269051  68.537209
 313        "t-u+j"   14   26.343948  34.047947  54.369324
 314        "t-u+k"   45   84.652512  92.879425  70.818260
 315        "t-u+l"   15   34.080059  56.849464  51.214771
 316        "t-u+m"    8   20.805023  15.320171  12.273584
 317        "t-u+r"   22   53.837536  85.193489  35.566650
 318        "t-u+s"    4    5.480172   5.896997   5.621707
 319        "w-a+b"    4    4.236115   4.006524   4.009445
 320        "w-a+h"    5   17.063213  27.266422  20.610409
 321        "w-a+k"   18   23.867437  29.121569  38.768364
 322        "w-a+l"    4   10.610834  29.510366  21.343891
 323        "w-a+t"    4    9.759095   9.190581  13.950517
 324        "j-i+r"    4    7.131055  32.665890  19.147408
 325       "r-ny+a"   13   55.497147  45.719299  42.450481
 326       "h-a+ny"   27   57.461140  77.935196  73.132057
 327       "t-ny+a"   10   24.110523  18.739079  15.799355
 328       "l-i+ng"    4    9.500697   6.999392   6.815558
 329          "a+c"    5   14.086157  23.429029  18.462181
 330          "a+d"  137  362.864899 531.454895 277.945709
 331          "a+h"    5   31.138973  47.848278  11.603222
 332          "a+j"   55  162.032425 286.210815 192.728638
 333          "a+k"  171  579.891602 559.401978 472.796692
 334          "a+l"   17   39.145412  71.789200  29.064011
 335          "a+n"   77  235.524567 373.243774 188.749893
 336          "a+p"  103  446.770630 434.385223 385.938446
 337          "a+r"   17   56.269573  57.825924  31.851309
 338          "a+s"    5    9.969424  10.867724   8.175438
 339          "a+t"   22   80.616470  92.747749  87.523140
 340          "a+w"    4   13.042610  14.367694  11.566048
 341          "a+y"   34  232.336716 103.339233  79.174461
 342          "a-b"    4    5.528963   5.953892   5.058815
 343          "a-f"   13   51.703518  85.694038  57.249928
 344          "a-h"  214  298.804565 626.523743 1195.143799
 345          "a-i"   33   40.183117  71.903687  65.680649
 346          "a-k"  247  301.116119 356.297028 296.931152
 347          "a-l"   92  108.207664 139.832535 137.471146
 348          "a-m"  123  416.595642 223.795105 165.379410
 349          "a-n"  656  2360.565430 1256.349121 1114.382690
 350          "a-p"   58  114.881554  86.385887  92.988647
 351          "a-r"   71  159.905869 135.678833 331.042053
 352          "a-s"   65  169.392960 315.239441 197.479721
 353          "a-t"  140  246.288971 267.815826 187.440002
 354          "a-u"  293  343.597137 594.244446 493.852081
 355        "j-u+a"   10   26.684362  42.361027  22.521505
 356        "j-u+g"  104  238.977386 275.935699 234.058105
 357        "j-u+i"    4    9.822498  11.811369   9.030525
 358        "j-u+m"   23   38.863132  31.867199  29.330107
 359          "b+a"   91  258.970428 180.639740 191.809418
 360          "b+e"  176  483.912964 316.916351 212.076340
 361          "b+i"   89  179.422119 109.550964 103.253098
 362          "b+o"   22   54.688862  47.979633  39.107922
 363          "b+u"  184  501.886993 287.571289 226.167480
 364          "b-a"   24   55.664772  72.028175  90.873184
 365          "b-u"    8   12.802571  36.207573  18.326687
 366        "m-a+a"   13   35.426140  80.593987  30.617649
 367        "m-a+c"    5   12.876803  11.543710  57.019981
 368        "m-a+h"    9   19.617928  46.956100  26.709253
 369        "m-a+k"   36   79.890816  91.788750  93.403610
 370        "m-a+l"   15   33.805809  67.721436  26.814312
 371        "m-a+n"   55  127.313477 228.360519  82.204720
 372        "m-a+r"    5    9.007306  11.331025   5.585645
 373        "m-a+s"   29   57.424194  48.956127  42.901958
 374        "m-a+t"   19   48.654537  70.449936  96.155190
 375        "m-a+u"   40   95.361382 320.960510 171.800293
 376        "m-a+y"   27   77.249588  51.626194  56.071419
 377          "c+a"   14   49.069878  48.605339  35.716515
 378          "c+e"   15   54.503471  47.309776  22.696142
 379          "c+i"   50  185.247223 191.876114  82.757271
 380          "c+o"   13   86.714256  40.440571  35.865135
 381          "c+u"    9   38.432281  29.487333  21.027142
 382          "c-a"   21   49.417946 131.290344 143.954712
 383          "c-i"    5    9.441469  31.881498  12.355803
 384       "j-a+ng"   20   35.534866  34.307301  26.228529
 385        "m-b+a"   45   49.282372  54.600281  84.500702
 386        "m-b+e"    9   10.286756   9.357082  11.132527
 387        "m-b+i"    4    4.962740   3.999800   3.999804
 388        "m-b+u"   12   13.323071  15.501908  15.444179
 389          "d+a"  111  308.039185 148.593887 191.293121
 390          "d+e"   45  110.357811  53.086941  59.006653
 391          "d+i"  281  605.459839 314.765594 322.173553
 392          "d+u"   33   63.171223  38.454540  48.923771
 393          "d-a"  229  418.982849 1058.069580 1146.194214
 394          "d-e"    4    3.999901   4.000542   8.116405
 395          "d-i"  192  280.847778 739.411255 600.682251
 396       "o-sy+i"    9  106.309891  50.080746  26.887657
 397       "s-u+ng"    4    6.004669   4.077795   4.252579
 398       "u-d+ny"    4    9.345251   4.840982   6.000284
 399          "e+h"    5   10.731915   6.789329  10.517128
 400          "e+m"    9   12.216132  11.118078  15.536488
 401          "e-h"   10  151.127808  79.286560 155.124969
 402          "e-k"    4    7.023810   5.683634   6.023316
 403          "e-r"   14   95.128433  42.513962  47.734173
 404          "e-t"    5   16.001877  13.036340  12.690804
 405          "f+e"   41   72.764420 115.642738  89.120766
 406          "f+u"    9   23.162104  18.249905  91.139610
 407        "m-e+c"    5    5.378413   9.437062  12.816866
 408        "m-e+l"   12   17.399567  13.513066  17.775953
 409        "m-e+m"   69   97.390053  90.773575 117.482277
 410        "m-e+n"   56  110.321747  79.954597  80.221336
 411        "m-e+r"   42   79.914604  55.692089  45.048695
 412        "m-e+s"    4    9.427213   8.946898   4.999997
 413          "g+a"  175  547.209473 301.145447 343.196198
 414          "g+e"    5   10.536806   6.192756   8.034059
 415          "g+i"  120  273.663208 176.061707 234.782257
 416          "g+r"    4   14.347164   7.971117  11.019027
 417          "g+u"    5   11.553704   5.781368   6.006295
 418          "g-a"  123  314.560059 684.889465 818.748352
 419          "g-i"  113  253.089569 702.202515 470.537292
 420          "g-u"   60  118.728935 442.364655 212.743683
 421       "m-e+ng"   43   57.302830  51.393559  61.568130
 422       "m-e+ny"    9   11.698710  10.504914  17.370575
 423          "h+a"  114  192.172409 238.714722 390.960999
 424          "h+e"    9   19.675642  18.151306  28.091799
 425          "h+i"    5    7.762230  10.435872  63.185905
 426          "h+m"    5   47.675522  24.255186 108.857986
 427          "h+o"   12   15.873250  27.871271  25.198788
 428          "h+u"   13   20.550104  18.439209  18.737644
 429          "h-a"    5   21.958088  28.192373  38.280003
 430          "h-e"    5   18.856642  10.028522  18.090561
 431          "h-u"   44   52.612469 143.645569 108.625504
 432          "i+b"   16   41.560272  60.419197  47.821877
 433          "i+d"    4   10.392774  25.163845  14.513751
 434          "i+k"   26   85.168060 112.514595 100.877983
 435          "i+n"  143  325.068665 642.748596 242.471634
 436          "i+s"   13   25.490679  32.190319  21.174156
 437          "i+t"  137  352.930481 547.763062 530.763977
 438          "i+y"   14   79.704628  70.836609  35.461491
 439          "i-a"   39   85.927345 118.549622  80.946411
 440          "i-d"    9   11.200946   9.046120  14.823629
 441          "i-f"    4    6.702135  10.606861   5.968925
 442          "i-h"   60   87.801743  78.593735 249.822113
 443          "i-k"   42  131.365997  73.730080  55.868343
 444          "i-n"  120  358.912811 233.592239 192.661301
 445          "i-p"    9   25.891273  14.821246  20.506248
 446          "i-r"    8   46.098141  24.860954  53.058727
 447          "i-s"    8   18.978880  44.827404  23.848061
 448          "i-t"    5   11.057767   5.089710   9.851121
 449          "j+a"  123  648.988770 372.099396 299.455139
 450          "j+e"    4   23.941700  10.837817   8.045181
 451          "j+i"    4   36.016636  19.003052   7.272621
 452          "j+u"  127  341.552917 322.645111 300.116058
 453          "j-a"   76  147.602158 337.928497 525.166992
 454         "o-ng"    5    7.825844   9.061843  10.365118
 455       "l-a+ng"   18   27.652693  29.712322  27.375383
 456        "m-i+k"    9   18.644375  26.821302  37.186241
 457        "m-i+l"    9   20.976334  38.526363  17.052422
 458        "m-i+n"   46   82.835587  92.168556  73.839615
 459        "m-i+s"   13   36.807991  25.692989  19.805176
 460        "m-i+y"   16   32.350773  25.214766  36.920799
 461          "k+a"  514  1551.693604 1413.627441 1201.135376
 462          "k+e"  216  541.892090 400.088379 323.644531
 463          "k+i"   71  329.505981 167.488434 163.625854
 464          "k+l"   43  124.090248 119.659103  88.707138
 465          "k+o"   15   42.837147  29.123783  28.459730
 466          "k+u"    8   12.731216  15.388366  12.168077
 467          "k-a"   83  190.279358 333.353119 302.260773
 468          "k-e"   43   50.202774  58.284714  71.033562
 469          "k-i"   56  149.132233 364.150818 316.087280
 470          "k-u"  252  475.429718 753.540161 571.538025
 471      "ex-n+ex"   12   17.282187  18.974533  19.155737
 472          "l+a"   78  121.449226 137.802856  94.695351
 473          "l+e"   34   50.020126  63.543922  39.714138
 474          "l+i"   46   55.476383  59.149361  69.965607
 475          "l+o"    5   11.740449   7.868239   6.216620
 476          "l+u"   14   18.598183  21.342392  22.769833
 477          "l-i"   19   43.241776  74.985855  63.536053
 478          "l-u"   45   83.146500 201.468048  87.857285
 479          "m+a"  146  340.205414 248.949631 342.879150
 480          "m+e"  235  594.561096 373.968872 339.458313
 481          "m+i"   91  215.863678 127.114136 130.373108
 482          "m+o"    4   13.947353   7.479066   8.897869
 483          "m+u"   93  278.246277 144.110275 247.309418
 484          "m-a"  141  307.646118 658.641785 668.600647
 485          "m-i"   21   44.795620 126.451035  99.810051
 486          "m-m"    5   43.008492  19.999409   7.001950
 487          "m-u"   68   88.190903 195.019104 147.081467
 488          "n+a"   45  142.093719  59.169659 143.170166
 489          "n+i"    5   10.934128   9.162783   5.972208
 490          "n+o"    4    6.358795   4.122378   7.014592
 491          "n-a"   85  191.933624 401.158661 386.826080
 492          "n-i"  195  386.434265 1012.894958 746.276123
 493          "n-u"    9   21.172161 161.594772  32.202099
 494          "o+h"   14  107.621124 163.679459  58.833935
 495          "o+i"   10   60.628456  71.320564  32.650124
 496          "o+k"   14   77.473343  59.276947  89.397865
 497          "o+l"   14   40.581890  53.217918  24.308281
 498          "o+o"    5   36.818127  85.194618  11.500894
 499          "o+r"   70  285.804230 293.831360 110.072937
 500          "o-h"   23   57.203331  65.391304 137.774078
 501          "o-i"   10   22.296316  64.382454  46.074211
 502          "o-k"   10   18.005844  14.158405  15.808258
 503          "o-n"   12   38.700729  16.819584  18.591290
 504          "o-o"    5   10.638634  33.685814  14.797780
 505          "o-s"    4   19.248322  20.821301   9.927773
 506          "o-u"   12   15.993590  17.412540  24.673431
 507          "p+a"   46  124.067322  81.895187  81.709129
 508          "p+e"  155  350.329254 250.365173 198.401505
 509          "p+i"   47  109.619080  77.708435  64.024391
 510          "p+o"    4   14.030898   8.103168   5.873306
 511          "p+r"    8   20.592829  12.265716  12.410769
 512          "p+u"   54  148.552353 103.938286  71.864670
 513          "p-a"  137  309.742004 598.616577 689.430725
 514          "p-i"   38   85.494530 178.604294 120.622772
 515        "m-o+t"    4   10.881588  11.905312  13.575800
 516        "m-p+a"   40   69.005325  74.906044  83.515373
 517        "m-p+u"   41   72.386742  76.013710  58.440140
 518          "r+a"   18   35.787693  23.461285  24.780926
 519          "r+u"   14   27.814671  17.453926  19.756416
 520          "r-a"   38   85.844223 263.320496 319.434235
 521          "r-i"  105  185.693878 380.104858 266.342499
 522          "r-u"    5    8.662239   8.143623  16.326275
 523        "c-a+a"    5    9.000532  11.084819   6.882938
 524        "c-a+h"    9   13.443200  21.903780  17.205381
 525        "c-a+k"    5    8.614678   7.000023  22.007374
 526        "c-a+m"    5    9.000904   5.426279  22.977852
 527        "c-a+n"   10   21.087280  52.084858  22.133224
 528        "c-a+r"   28   54.004429 123.810440  64.282654
 529      "ng-ny+a"   10   31.123102  29.443262  19.583857
 530       "r-i+ng"    4   10.895393   9.997324  10.346054
 531          "s+a"  189  540.662903 700.885681 576.932007
 532          "s+e"  299  833.869202 1187.005493 687.237000
 533          "s+i"   86  235.826477 393.183563 212.203140
 534          "s+o"    9   54.964844  36.920513  38.157341
 535          "s+t"    8   24.150005  66.166031  21.090559
 536          "s+u"   38  112.311584 160.652679 117.817612
 537          "s-a"   88  216.532501 236.932800 195.278824
 538          "s-i"   17   42.760178  53.737534  38.536903
 539          "t+a"  145  532.715698 267.945923 270.258392
 540          "t+e"  104  238.385422 178.081100 147.484665
 541          "t+i"   34  145.014938  62.911427  63.026997
 542          "t+o"    5   16.284191  13.403170  11.039873
 543          "t+r"    4    9.391457   6.776419   8.001743
 544          "t+u"   57  171.617783  88.998520 115.121284
 545          "t-a"   86  181.689987 272.836548 225.376297
 546          "t-i"   85  189.530121 408.308044 289.193298
 547          "t-u"  277  723.885254 1629.245728 799.770569
 548          "u+d"   21   47.584831  86.070137  62.841240
 549          "sil" 2540  23603.416016 29608.441406 75393.960938
 550          "u+n"   45   69.042213 110.206314  70.534622
 551          "u+r"    4    7.433342   7.004647   4.974982
 552          "u-a"   54   90.672928 182.053482 177.991028
 553          "u-b"   43  121.179024  61.348949  74.730568
 554          "u-h"   28   53.973949  63.652229 130.150330
 555          "u-i"    4   10.107860  29.087870  32.775288
 556          "u-k"   57   70.377594  73.959381  64.496704
 557          "u-l"   13   20.776056  20.643221  22.214863
 558          "u-m"   48  164.676254  89.684975  65.543068
 559          "u-n"   27   76.784264  45.451923  58.908394
 560          "u-p"    9   72.463661  17.463684  12.049635
 561          "u-r"    4   20.479601   9.163276   8.370941
 562          "u-s"   50  184.867889 512.979492 233.679443
 563          "u-t"   49  160.612579  59.698212  83.929512
 564        "c-e+r"   15   15.586910  17.223738  16.584225
 565        "m-u+a"   34   49.548325  50.733395  42.820896
 566        "m-u+d"   14   33.479012  26.888784  40.133667
 567        "m-u+k"    8   15.230803  21.178761  15.987692
 568        "m-u+l"    4    8.435908  10.129000   7.956851
 569        "m-u+r"    9   21.596798  20.584612  14.791347
 570        "m-u+t"    4    6.558895   9.560569   7.098067
 571          "w+a"   23   63.706341  65.895454  88.824547
 572          "w-a"    4    8.634621   7.001307   9.200425
 573          "w-i"   13   27.165911  27.246237  14.608518
 574       "u-m+ny"    4   16.638647   6.957270   5.790696
 575        "p-a+d"   19   42.377541  45.882347  26.358625
 576        "p-a+h"   13   25.789227  42.456375  23.981789
 577        "p-a+i"    9   14.511675  13.008520  10.999321
 578        "p-a+k"    8   16.349852  34.099514  34.976273
 579        "p-a+l"    9   18.833155  24.208536  12.591651
 580        "p-a+n"   17   39.082767  53.405743  27.556406
 581        "p-a+r"    4    8.730701   6.999485   7.999856
 582        "p-a+s"   18   30.750309  41.910412  29.136267
 583        "p-a+t"   17   41.164795  52.808632 107.227989
 584       "p-a+ny"    5   13.044499  36.841778  23.741522
 585          "y+a"  274  1134.666748 871.328796 360.780365
 586          "y+o"    5   24.916231   9.946692  11.950477
 587          "y-a"  176  267.863159 797.735413 1335.597168
 588          "y-o"   35   94.679695 196.691071 190.929306
 589       "t-i+ng"    4    9.997442  21.989229  11.323096
 590       "t-i+ny"   17   38.267132  57.072845  47.511192
 591        "c-i+t"   50   72.172539  84.572395 115.583992
 592        "p-e+c"    4    4.014607   6.000901   8.965237
 593        "p-e+k"    4    6.078557   6.734723  12.261589
 594        "p-e+l"   12   12.126029  13.209248  13.122390
 595        "p-e+m"    9   12.484349  13.377023  22.465738
 596        "p-e+n"   32   36.829704  37.817226  50.544544
 597        "p-e+r"  133  146.102127 154.841354 174.023300
 598        "p-e+s"    4    4.001595   5.992386   5.006232
 599       "s-e+ng"    4    5.388246   4.611026   5.025100
 600       "r-a+ng"   35   64.745003 124.580612  72.278976
 601        "p-i+k"   36   66.794273  86.835396  93.989235
 602        "p-i+l"    4    9.548228   9.144706   9.838393
 603        "p-i+n"   38   75.556290  87.963623  72.023010
 604        "c-o+b"    9   16.828360  12.704750  14.258068
 605        "c-o+n"   16   27.561949  29.747448  24.928415
 606         "ex+f"    4   16.430599  41.616528  56.321121
 607         "ex+h"   20  137.198471 247.090683 132.941360
 608         "ex+n"   12   21.969448  46.309032  27.397230
 609         "ex+r"    5   11.697371  26.808115  22.067835
 610         "ex+s"   17   32.386089  51.793461  57.480656
 611         "ex-f"    4   12.834010  24.774071   9.004125
 612         "ex-h"   65  136.106216 135.816696 258.596313
 613         "ex-i"    8    8.919376  26.224800  18.105415
 614         "ex-n"    9   45.773296  24.486542  20.921593
 615         "ex-t"    5    6.789058   5.279041   7.610590
 616         "ng+a"    8   12.077934  11.496549  16.263359
 617         "ng+u"    4   14.223456   6.026417   6.983878
 618        "p-o+k"    4   11.734928  12.238377  14.018579
 619       "t-a+ng"   21   47.374832  46.113602  36.010040
 620       "t-a+ny"   14   35.111595  52.366802  44.037666
 621        "c-u+m"   14   24.646179  25.748102  18.075342
 622         "p-ex"    9   27.445314  21.270014  17.974178
 623        "p-r+i"    4    5.384954   4.612037   5.994318
 624        "p-r+o"    4    5.767417   4.010353   4.002535
 625      "t-ex+ng"    4   12.035643  10.850483   4.493523
 626       "a-ng+a"   42   80.869400  63.624058  68.153496
 627       "a-ng+e"    5   15.094087  11.236243  11.494823
 628       "a-ng+g"   16   99.947510  45.148666  20.960619
 629       "a-ng+s"    4    9.353615   4.000985   5.011822
 630        "f-e+s"   41  110.857269  69.911865  94.411575
 631        "p-u+a"   17   55.532799  67.266396  38.285732
 632        "p-u+b"    4    8.590110  12.596928   6.073997
 633        "p-u+k"    4    8.378988   9.257819   4.365308
 634        "p-u+l"   34   55.898415  65.312302  49.389366
 635        "p-u+n"   23   45.275463  45.756950  50.441662
 636        "p-u+s"   22   27.636602  24.312286  31.247845
 637        "p-u+t"   10   20.940832  50.460815  24.993385
 638        "s-a+a"   29   75.776978 111.780273  53.680824
 639        "s-a+h"    4    6.108846   5.961423   4.092434
 640        "s-a+i"    4   11.159616  16.008654  11.191530
 641        "s-a+j"   17   49.193874  85.373749  58.902534
 642        "s-a+k"    4    9.660421   9.429479  15.255508
 643        "s-a+l"   45  114.626015 197.575287 117.457535
 644        "s-a+m"   63  155.238831 187.990723 118.634758
 645        "s-a+n"   48  118.515533 126.648445  69.271370
 646        "s-a+r"   41   99.918846 165.387650  86.175186
 647        "s-a+s"   16   33.383263  32.198959  25.296352
 648        "s-a+t"   22   56.785931  54.307648  58.474667
 649        "s-e+b"   45   69.326263  67.101242  80.523170
 650        "s-e+c"    5    5.545481   4.999541   5.117816
 651        "s-e+d"   14   20.109228  22.936657  40.115326
 652        "s-e+j"    4    4.771435   4.999752  14.183899
 653        "s-e+k"   48   55.981827  54.717991  68.224701
 654        "s-e+l"   54   84.132645  58.564518  58.065895
 655        "s-e+m"   39   52.279686  47.570988  50.977062
 656        "s-e+n"   15   18.795074  19.589851  30.367229
 657        "s-e+p"   35   46.891594  45.842426  62.414005
 658        "s-e+r"    5   13.115747   7.433598  14.050323
 659        "s-e+s"    5    9.055984   6.341408   7.518391
 660        "s-e+t"   40   51.040424  57.887760  70.948463
 661        "s-e+y"    4    5.100639   4.044721   4.665767
 662         "h+ex"   18   33.492542  33.291073  85.456139
 663        "ex-ng"    4   16.951071   8.998914   6.007243
 664         "ny+i"   15   66.934158  26.292782  15.683414
 665         "ny-a"  298  372.957703 906.860535 1187.037476
 666        "s-i+a"   24   60.509521 105.719826  48.467838
 667        "s-i+h"   28   76.688942 102.371986  53.000900
 668        "s-i+k"    9   19.613356  31.864178  32.282734
 669        "s-i+l"    5   13.414069   9.353084  10.314179
 670        "s-i+m"    8   16.046984  13.517602  17.041599
 671        "s-i+n"   35   82.203995 105.120193  60.176178
 672        "s-i+p"   18   41.826546  48.925289  58.590599
 673        "s-i+s"   17   34.367249  30.776888  30.464533
 674        "s-k+a"    8   17.537012  17.594933  21.026142
 675        "s-k+i"    4    8.227670   9.004457   8.768562
 676       "e-ng+a"   61  139.260193 105.131363 114.932190
 677       "e-ng+e"   22   43.566929  49.841515  33.465141
 678       "e-ng+g"   16   58.336864  40.593147  22.301697
 679       "e-ng+h"    4    7.252054   6.691566   8.490207
 680       "e-ng+u"    4   16.127176  14.000852   7.574224
 681        "s-m+a"    5    7.841150   5.152091   7.016681
 682        "s-o+a"    9   29.958525  78.626053  20.694010
 683        "f-u+k"    9   39.073910  34.302490  16.462942
 684       "a-ny+a"   99  398.874390 258.636230 134.181046
 685        "i-a+l"    4   12.040318  26.992483  10.292222
 686        "i-a+m"   10   30.382938  67.256241  45.546268
 687        "i-a+n"   43   65.906693  88.063255  70.354744
 688        "i-a+p"   42   72.489143  80.848175  81.598862
 689        "i-a+s"    9   15.010482  30.443460  17.499210
 690        "i-a+t"    8   14.609823  26.584362  22.344856
 691       "r-b+ex"    4   12.397003   5.106333   5.953644
 692        "i-b+a"   56  118.148491  97.009483 125.998207
 693        "i-b+u"    4   10.661800   6.128664   4.001431
 694        "i-c+a"    9   28.551434  32.277271  24.989943
 695        "i-d+a"    8   16.666477  11.693971  16.131672
 696        "i-d+e"    4   11.551086   4.010798   4.001029
 697        "i-d+u"    5   10.848650   6.526510   9.472850
 698        "s-t+a"   30   56.974281  45.904854  57.216003
 699        "s-t+e"    5   11.129431  10.577511   9.791623
 700        "s-t+i"   54   86.191650  73.564095  70.433533
 701        "s-t+r"   16   46.144753  30.555223  38.586369
 702        "s-u+a"   17   36.608589  30.887205  28.938957
 703        "s-u+d"   21   43.525654  33.013744  35.984966
 704        "s-u+k"   13   33.848438  34.681461  22.219034
 705        "s-u+r"    5   12.301317  13.017035   5.959562
 706        "s-u+s"    9   12.905574  10.710156  11.776006
 707        "v-a+l"   41   73.875366 170.212860  82.866394
 708        "i-g+u"    5    8.936560   7.148685  12.003811
 709        "s-w+i"   13   25.610573  15.770027  19.759335
 710        "i-h+a"   53  150.328537  79.896896  85.584801
 711        "i-i+n"    8   11.863778  29.974789  18.997936
 712      "ex-ng+o"    4    7.611811   7.039545   8.075812
 713        "i-j+a"    4   10.008354  10.546212  11.247732
 714       "i-ng+g"   54  194.053101 109.870438  65.772987
 715       "i-ng+i"   12   26.024323  22.432852  15.391253
 716       "i-ng+u"    5    8.917295   8.107183   9.763453
 717        "i-k+a"   43   92.889130  84.692841 110.518898
 718        "i-k+e"   13   22.068645  26.968603  20.619297
 719        "i-k+i"   36   89.316483  62.443295  86.895058
 720        "i-k+l"    5   11.826371   9.981749  10.144356
 721        "i-k+u"   30  106.152756  71.502754  72.914917
 722        "i-l+a"    9   10.694855  12.039577  16.617512
 723        "i-l+i"   17   18.910040  21.200203  25.164412
 724        "i-m+a"   80  162.838074 140.257523 154.867035
 725        "i-m+p"   12   43.815281  21.048357  15.647429
 726        "i-m+u"   13   43.126583  29.607367  25.043970
 727        "i-n+a"   10   13.309720  15.163537  18.648438
 728        "i-n+i"  194  284.073120 290.204987 273.033600
 729        "i-n+j"   66  166.944595  87.241959  86.855476
 730        "i-n+t"   10   32.902657  15.999669  12.172701
 731        "i-n+u"    8   12.022223  12.983952  20.448359
 732       "e-ny+e"    5   16.569014   7.178116   4.999710
 733       "e-ny+i"    4   17.094551   8.003689   4.000058
 734       "b-u+ng"    9   14.765953  27.606932  18.994387
 735       "k-ex+t"    9   23.338177  27.477749  15.466898
 736        "i-p+a"   17   56.659676  32.558399  27.622379
 737        "i-p+e"    4   12.650908   8.274579   5.994377
 738        "i-p+i"   26   61.627422  44.708729  71.669029
 739        "i-p+u"    5   20.384336  13.000091   6.999754
 740        "i-r+a"    9   11.837176  12.617575  32.406590
 741        "i-r+i"    9   14.038071  11.936567  22.491875
 742        "i-r+k"   18   67.999245  28.320114 124.585648
 743        "i-s+a"   87  201.170593 367.251953 277.485321
 744        "i-s+e"   13   35.568810  58.558197  35.697147
 745        "i-s+i"   26   62.527111 124.313461  62.538284
 746        "i-s+t"    9   23.221542  32.127823  20.485178
 747        "i-s+u"    5   15.709441  24.537432  16.718788
 748        "i-s+w"   13   34.008865  63.081787  52.688011
 749        "i-t+a"  140  317.893768 241.069595 258.884277
 750        "i-t+u"  225  875.801270 433.803253 486.956299
 751        "i-u+m"   15   18.109501  20.034687  21.555475
 752        "i-v+a"   41  173.148056  96.997498  90.717934
 753       "d-u+ng"    5   10.261166   9.641134  12.813098
 754        "l-a+g"   31   50.262703 164.815353 138.278061
 755        "l-a+h"  108  156.857605 432.564301 196.896652
 756        "l-a+i"   30   64.902039 115.577972  62.605293
 757        "l-a+j"   12   18.224182  28.154335  32.145920
 758        "l-a+k"   25   44.430645  77.181465  96.274696
 759        "l-a+l"   37   56.168255 100.035141 118.373665
 760        "l-a+m"   48   80.712296 155.256378 106.029510
 761        "l-a+n"   35   65.160553 155.351044  48.198647
 762        "l-a+s"   65   92.687317 172.203125 103.969353
 763        "l-a+u"  146  196.787048 360.713684 226.329178
 764         "i+ng"   12   29.257936  49.221897  18.661055
 765       "m-ex+m"   10   25.891434  31.387300  18.688713
 766       "ng-a+d"    4   10.723389  18.100342   9.082583
 767       "ng-a+h"    5   11.630923  14.747810  11.863296
 768       "ng-a+j"    4   13.071445  13.828492  11.025718
 769       "ng-a+k"    5   16.098536  49.077991  33.953335
 770       "ng-a+n"   80  174.732132 242.107101 137.778046
 771       "ng-a+r"    9   22.691126  25.261547  11.620040
 772       "ng-a+t"   17   36.726688  57.599297  57.689171
 773         "i-ng"   21   73.094269  37.691727  39.231129
 774        "i-y+a"   30  115.672615 102.114807  54.363396
 775        "l-e+b"   22   24.466011  36.823097  41.296059
 776        "l-e+k"    4    4.035753   6.259221  13.684669
 777        "l-e+l"   12   14.041213  14.272679  21.243221
 778        "l-e+s"    4    4.084572   3.999449   6.921665
 779       "ng-e+m"   14   17.591564  19.024178  21.275333
 780       "ng-e+r"    8   10.917675   9.890401  15.388756
 781       "ng-e+t"    5    8.440503  11.990360  22.016140
 782        "y-a+k"   69   94.296829 134.697998 143.849594
 783        "y-a+m"   16   30.342823  33.944511  27.686304
 784        "y-a+p"    4    4.895278   6.117386  22.001036
 785       "m-p+ex"    9   15.245803  12.227894  13.204109
 786       "i-ny+a"   25   91.369247  86.086327  52.025318
 787       "ng-g+a"   20   23.684370  27.970997  26.422596
 788       "ng-g+u"   81  106.572403  97.667099 105.781281
 789       "a-i+ny"    4    7.759826   8.047001  13.041727
 790       "ng-h+a"    4    4.119177  10.172123  10.115163
 791        "l-i+a"   29   62.912773  71.411903  53.341808
 792        "l-i+h"   58  114.348366 248.420593 157.540222
 793        "l-i+i"    4   12.982280  17.342815  12.733024
 794        "l-i+k"   39   89.992805  96.151482  96.251854
 795        "l-i+m"   18   50.935204  79.192894  37.625851
 796        "l-i+s"    4    5.089008   4.080697   5.743081
 797       "ng-i+n"   12   23.012344  36.350021  23.869272
 798        "l-k+a"    4   11.888282  12.842058   8.497264
 799       "ng-k+i"   76  122.315178 106.349777 173.525421
 800         "a+ng"    4   10.972328   9.956676   8.430181
 801       "k-ny+a"   17   39.866543  53.863400  42.221630
 802        "l-o+g"   46  102.472816 195.257126 148.198242
 803        "l-o+o"    5   10.863823  70.948082  14.023720
 804        "l-o+s"    4    6.758320   9.274900   7.972494
 805         "a-ng"  262  612.604431 446.616333 343.027466
 806       "ng-o+k"    4    9.542104  16.726273   8.597701
 807        "b-a+c"   39   86.853683 139.748001 122.968491
 808        "b-a+d"    4   13.237726  18.607780  14.239089
 809        "b-a+g"   28   64.008415  94.200432  85.332108
 810        "b-a+h"   13   31.932114  47.957802  23.357100
 811        "b-a+i"   15   36.146793  47.137600  34.782257
 812        "b-a+k"    8   18.394825  17.635586  21.075785
 813        "b-a+l"   40   86.655861 105.937096  59.907162
 814        "b-a+n"    8   19.188620  34.481098  14.217407
 815        "b-a+r"   16   35.249027 116.607506  31.334400
 816        "b-a+t"   13   29.605951  51.401028  40.158344
 817        "b-a+u"   10   17.080318  26.709957  20.379253
 818        "b-a+w"    4    8.246511   6.346487   7.462130
 819       "ng-s+u"    4   10.401069  16.440790  12.139883
 820        "b-e+g"   13   17.827728  21.244169  38.588581
 821        "y-o+l"    4    6.118584   7.238668   5.849361
 822        "b-e+l"   33   35.554173  35.127647  37.966698
 823        "b-e+n"   70   85.600357  97.505577 122.792664
 824        "b-e+r"   86  106.128029  97.885475 121.017624
 825        "b-e+s"   18   20.611065  22.613983  35.077274
 826        "b-e+t"   10   12.707101  17.885719  31.522045
 827        "l-u+b"   43   64.287399  91.160683  98.651100
 828        "l-u+c"   12   18.915482  24.002064  34.958359
 829        "l-u+h"    4    7.664552   4.395827   4.023068
 830        "l-u+k"   13   24.232073  35.150688  27.622377
 831        "l-u+m"   29   46.005703  60.925377  38.217915
 832        "l-u+u"    5   10.204949  10.635040  35.097172
 833       "m-ny+a"   16   53.336704  56.278988  39.747875
 834       "ng-u+l"    4    7.305883  12.952075   6.277103
 835       "ng-u+m"    4    7.700177  15.111638   8.117087
 836       "s-ex+m"   17   41.181206  34.682880  28.750143
 837        "o-a+l"    9   15.449416  53.276417  30.382421
 838        "o-b+a"    9   22.503473  16.166971  19.036100
 839        "o-b+e"    4   12.138265   6.004722   7.177882
 840        "b-i+a"    9   22.970625  37.335499  22.921654
 841        "b-i+c"    9   17.878508  16.624592  26.997660
 842        "b-i+h"   22   44.401997  62.188416  39.909752
 843        "b-i+l"    4    8.753652   8.996470   9.204512
 844        "b-i+s"   66   95.221375  86.950615  86.472160
 845       "d-e+ng"   42   55.729462  55.012207  59.122673
 846        "o-d+u"    4    9.001619   3.999714   5.481597
 847       "a-r+ny"   13   44.120380  35.878010 122.328720
 848        "b-l+i"    4    4.999262   4.000333   4.021159
 849       "c-a+ny"   13   25.450895  39.090828  40.166607
 850        "o-g+i"   46  106.576195  63.268749  83.371758
 851        "b-o+l"   26   57.430691  63.184002  37.264675
 852       "u-ng+a"   13   27.060879  18.777918  29.672092
 853       "u-ng+g"   15   56.271996  29.924049  16.431747
 854       "u-ng+k"   76  236.720993 182.420670 112.282753
 855        "o-k+l"    4    6.019153   7.568878   6.409733
 856        "o-k+o"    4   10.010370   7.952437   6.853364
 857        "o-k+t"    4    7.598601   7.217329   6.275165
 858        "o-l+a"   53   77.025589 109.633102  68.930458
 859        "o-l+o"   55   75.788734  97.309189  75.948830
 860        "o-m+i"    5   18.383970   8.656810   7.047499
 861        "o-n+t"    4   13.928924   5.057134   4.017668
 862        "o-o+h"    5    7.194147  61.793575  12.331720
 863        "b-u+a"   21   37.386131  49.541725  29.705980
 864        "b-u+d"   24   40.227287  49.215351  57.047199
 865        "b-u+k"  139  237.054718 371.823273 290.953400
 866        "b-u+l"    8   10.896682   9.244290  10.483351
 867        "b-u+m"    4    5.813947   7.162612   6.925990
 868        "b-u+r"    9   17.891930  21.773098  15.648136
 869        "b-u+t"   14   31.093880  37.203167  54.328777
 870        "e-b+a"   12   31.388878  20.604980  27.150093
 871        "e-b+e"   41  110.810257  71.857887  54.872398
 872        "e-b+i"   22   55.713783  28.214554  27.990961
 873        "e-b+u"   18   73.976212  33.672882  29.796022
 874        "o-r+a"   18   25.336374  23.187159  24.599049
 875        "e-c+a"   14   41.949532  48.462471  30.625378
 876        "e-d+a"    9   22.664217  11.022715  26.678547
 877        "e-d+e"    5   11.159829   5.064300   6.544652
 878        "e-d+i"    5   11.991067   5.000113   6.660885
 879        "e-d+u"    5   13.736515   7.163509   8.026565
 880       "e-r+ex"   42   44.748127  55.909988  50.674328
 881        "o-t+i"    4   16.415516   6.873110   5.125794
 882       "g-a+ng"   12   28.016272  53.834522  25.314718
 883       "s-ny+a"    8   22.335335  19.261740  11.598879
 884        "o-u+t"   12   18.348289  15.348796  22.230684
 885       "p-u+ny"   13   18.546867  19.588160  53.547523
 886        "r-a+b"    4    8.009935   8.049898   7.449043
 887        "r-a+d"    4    9.497910  21.853287   9.777005
 888        "r-a+g"   14   34.892948  79.413597  47.438400
 889        "r-a+h"    9   16.381023  18.717964  12.401086
 890        "r-a+k"    8   16.878119  31.655285  26.650146
 891        "r-a+m"   10   18.985928  54.283314  20.937082
 892        "r-a+n"   63  130.090225 336.196869 134.936661
 893        "r-a+p"    4    7.675786  19.583582  13.476730
 894        "r-a+r"    9   19.827902  59.597469  24.453093
 895        "r-a+s"   17   32.537193  46.667942  30.324190
 896        "r-a+y"    9   20.108679  37.871857  25.046286
 897        "e-g+i"   17   43.927662  27.020420  47.734287
 898        "e-g+u"    4   11.512363   4.506293   5.501845
 899         "b+ex"    4    8.176444   6.642254   7.250211
 900        "r-b+a"   14   37.947704  25.114035  30.900827
 901        "r-b+o"    4   13.368344   9.712706   7.848598
 902        "r-c+a"    5   19.906084  13.047475  13.882178
 903        "r-c+u"    5   18.332447  14.983899  12.112205
 904        "r-d+u"    4   10.982180   3.999949   6.894677
 905        "e-j+a"    4   17.097046  12.170927  10.009042
 906        "r-e+m"   17   18.137100  18.511538  24.889633
 907        "r-e+n"   12   15.023890  13.836948  16.493027
 908        "e-k+a"   13   28.083416  24.803314  34.200146
 909        "e-k+e"    8   28.671812  15.437122  13.812468
 910        "e-k+o"   31   69.546364  67.016525  55.127930
 911        "e-k+u"    5   23.052296   9.233424   8.643059
 912       "i-a+ng"   15   47.393864  84.667839 126.219505
 913        "e-l+a"  109  122.833328 162.107224 116.679718
 914        "e-l+e"    8    9.169622   8.105473   8.821443
 915       "u-ny+a"   51  210.577255 202.977341  85.864212
 916        "e-l+i"   21   24.455568  25.742085  27.268127
 917        "e-l+u"   45   56.987083  94.302055  54.897251
 918       "ex-b+a"    5   12.549696   9.716045   9.966890
 919        "r-g+i"   44  121.494942  61.341583  72.339973
 920        "r-g+u"   12   33.300846  15.605765  19.465223
 921        "e-m+a"   19   48.760708  41.959999  43.169357
 922        "e-m+b"   66  188.664230 113.055435  69.097977
 923        "e-m+e"    5   15.586870  11.041431   7.786036
 924        "e-m+i"   30  107.480911  56.338440  48.563210
 925        "e-m+p"   30  124.061768  56.648335  40.656635
 926        "e-m+u"   60  203.497086 142.193207 128.908005
 927       "m-i+ng"   49  101.645309 131.258682  90.532051
 928        "r-h+e"    4    4.069438   6.997940   5.499961
 929        "e-n+a"  115  207.850388 210.036499 204.747772
 930        "e-n+d"   18   54.219906  35.701214  18.685419
 931        "e-n+e"   29   72.164787  55.460007  48.120731
 932        "e-n+i"   10   26.607204  23.866064  26.550486
 933        "e-n+j"   13   27.657082  19.011301  15.450191
 934        "e-n+t"   47  191.310669  98.499458  74.356949
 935        "e-n+u"   21   44.088406  39.133240  47.266109
 936       "ex-d+a"    8   16.015297  11.009363  13.974213
 937        "r-i+b"    4    6.849541   6.156515   8.339513
 938        "r-i+d"    9    9.095957  18.518805  14.508517
 939        "r-i+k"   13   25.765957  40.813457  47.119278
 940        "r-i+m"   15   29.037277  39.581795  33.492496
 941        "r-i+n"    4    6.304192  13.361597   8.073341
 942        "r-i+p"    9   18.547756  34.632717  32.462811
 943        "r-i+s"    5    6.154790  12.000132   9.334512
 944        "r-i+t"   15   19.628674  46.864498  37.573490
 945        "r-j+a"    8   23.204540  26.117569  22.187716
 946        "e-p+a"   17   86.722267  36.834862  33.827919
 947        "e-p+e"   35  102.544060  68.952766  48.148903
 948        "e-p+i"    5   16.750525   7.129766   7.695867
 949       "l-e+ng"    4    3.999658   3.999742   5.692011
 950        "r-k+a"   18   45.013870  31.954788  37.132679
 951        "r-l+a"    4    5.479199   6.535398   6.032133
 952        "e-r+a"   32   67.792984  48.740925 210.222046
 953        "e-r+b"   22   42.899448  28.783125  41.868980
 954        "e-r+c"   10   16.495874  17.679821  50.743755
 955        "e-r+d"    4    9.105178   6.988443   4.355937
 956        "e-r+e"   17   21.159164  17.933592  17.379644
 957        "e-r+g"   44  136.396545  83.289078 120.332848
 958        "e-r+h"    4    5.011798   9.092444   4.889954
 959        "e-r+i"   53   58.188793  66.553650  76.899994
 960        "e-r+j"    8   21.689503  10.898013  12.735948
 961        "e-r+l"    4    3.999855   4.999739   5.000002
 962        "e-r+m"    4   13.617976   5.347543   4.394724
 963        "e-r+n"    9   14.209290   9.631451  10.242987
 964        "e-r+p"   22   45.604900  26.319822  29.576553
 965        "e-r+s"    5    7.141120   5.401754  21.924952
 966        "e-r+t"   66  163.967346  91.205322 141.281555
 967        "e-r+u"   41  107.964821  49.102806 107.530457
 968       "ex-h+k"    8    9.746169   8.563416  11.584996
 969       "k-a+ng"    4    6.085155  13.237813   8.975087
 970       "k-a+ny"    5   14.210974  25.428301  19.841209
 971        "r-m+a"    4    8.627953   8.993000   7.942514
 972        "e-s+a"   26   66.384445 137.271469  86.385460
 973        "e-s+e"    5   10.333272  18.129522  11.937413
 974        "e-s+i"    4    9.581252  19.893782   9.575194
 975        "e-s+k"    4   13.008244  21.902098  10.089561
 976        "e-s+t"   41  111.921280 124.438896  65.869812
 977        "e-s+u"    5   10.770338  27.461300  17.939636
 978       "t-u+ng"   24   56.010399  63.326195  46.483109
 979        "r-n+a"   14   27.698589  23.741205  22.128176
 980      "m-ex+ng"    4   12.011791  11.505301   6.521883
 981        "e-t+a"    4   15.862957   7.224258   7.955272
 982        "e-t+e"   18   46.760109  31.045412  26.970375
 983        "e-t+i"   26   62.589962  46.341244  50.276764
 984        "e-t+u"   18   67.882942  34.856842  36.553177
 985        "r-o+d"    4    6.774127  11.173212  13.047966
 986        "r-o+u"   12   25.684437  96.017403  54.803909
 987       "ex-k+a"   42  113.575714 105.046211  80.396637
 988       "ex-k+i"   52  135.979660 119.155594 144.578735
 989       "a-s+ny"    4   10.991594  20.298286  13.653102
 990        "r-p+e"    4    8.553580   7.435383   4.544881
 991        "r-p+u"   18   46.225975  31.130587  18.239470
 992        "h-a+d"    9   28.037174  32.592377  22.110466
 993        "h-a+h"    9   32.424313  86.821617  48.290169
 994        "h-a+l"   13   26.692947  61.568943  22.497076
 995        "h-a+m"   18   38.579506  80.765778  61.786530
 996        "h-a+n"    8   18.297758  34.104481  20.490570
 997        "h-a+r"   50   97.358589 188.538437  69.378860
 998        "h-a+s"   10   15.183632  39.789970  19.137508
 999        "h-a+t"   53   91.086243 186.100235 268.786743
1000      "a-ng+ny"   10   33.791496  24.757019  20.440428
1001       "ex-m+a"   18   48.992382  37.802406  34.017113
1002       "ex-m+p"    9   34.854427  14.136611  11.768160
1003        "r-s+i"   14   29.906935  70.028725  41.614304
1004        "e-y+a"    4   15.187207   7.994565   7.232365
1005       "m-a+ng"   15   25.794014  34.962193  21.472176
1006       "m-a+ny"    9   21.496040  43.849224  30.748232
1007        "r-t+a"    5    9.284264   6.013134   7.534682
1008        "r-t+e"    9   20.442078  13.601415  12.642365
1009        "r-t+i"   64  172.334061  98.503204  93.959961
1010        "r-t+u"    9   24.795372  16.318375  24.842375
1011        "h-e+n"    8    9.248607   8.323271  11.693755
1012        "r-u+a"    5   13.016870  34.746727  10.335567
1013        "r-u+b"    8   18.201416  33.219463  15.408107
1014        "r-u+h"    9   16.774910  30.624718  17.214424
1015        "r-u+m"    9   20.087048  34.849010  19.437601
1016        "r-u+n"    9   15.011885  23.625986  17.565018
1017        "r-u+p"    4   11.662535  35.490559  18.020000
1018        "r-u+s"   42  107.002426 188.567963  98.566170
1019        "r-u+t"   39   55.253883 122.910301  86.872810
1020         "k-ex"   10   27.553165 211.074661 131.661804
1021        "u-a+n"   32   55.429523 126.542091 125.004478
1022        "u-a+r"    5   14.641308  37.447987  13.271268
1023        "u-a+s"    4    6.973008   4.012868   5.001755
1024        "u-a+t"   34   45.258686  73.633293  78.451530
1025       "ex-r+g"   12   23.075951  19.316469  18.890331
1026       "ex-r+u"    5   12.070855   9.400242  35.993824
1027        "u-b+a"    8   16.036165  15.943649  21.925360
1028        "u-b+l"    4   10.901995   5.027311   6.994329
1029        "u-b+u"    9   29.142113  13.658275  13.799778
1030        "u-c+o"   12   51.174255  35.765354  29.336376
1031       "ex-t+k"    4    6.001863   4.680999   4.201712
1032        "h-i+d"    5   23.020008  24.973551  12.157794
1033        "u-d+a"   76  200.368118 106.234138 146.642471
1034        "h-k+a"   17   32.907715  55.277138  39.756691
1035        "h-k+u"    5   10.633802  17.377645  11.607313
1036        "h-l+a"    5    9.360742  12.802573   8.425699
1037       "a-k+ny"   13   26.260441  17.507378  16.252865
1038        "u-g+a"  108  236.275223 205.963104 269.087402
1039        "h-m+m"    5    8.913231  35.999168   7.353952
1040       "s-i+ng"    5   12.000193  17.993399  12.263788
1041       "s-i+ny"    4    9.155483  19.917923  16.057764
1042        "h-o+u"   12   38.800900  45.459530  19.529133
1043        "u-j+a"    4   15.809530  14.999842  15.295077
1044        "u-j+u"   14   57.427914  41.435528  31.885977
1045        "u-k+a"   46  136.231400 119.451492 109.833191
1046        "u-k+i"   13   35.487072  24.008080  30.879990
1047        "u-k+s"    4    5.015442   6.034403   5.283587
1048        "u-k+u"  127  375.840149 259.488800 216.270035
1049        "u-l+a"   40   52.513714  95.619003  46.379559
1050        "u-l+e"    4    7.373304  12.422301   5.094821
1051        "u-l+i"    4    5.648396   7.769773   4.349955
1052        "u-l+k"    4    6.120423   5.064363   8.226649
1053       "o-r+ex"   52   73.573471  64.653152  85.644890
1054        "u-l+u"   12   19.436369  32.170219  15.709684
1055        "h-r+a"   14   31.874393  19.173262  36.551815
1056        "u-m+a"   37   84.221069  81.117882  84.610947
1057        "u-m+b"    8   32.030033  14.003397   8.521912
1058        "u-m+p"   21   90.595192  34.483059  27.682598
1059        "u-n+a"   30   66.988663  48.248943  55.672894
1060        "u-n+c"    5   24.690123   8.998798   7.001598
1061        "u-n+t"   54  154.239670  82.648720  67.584503
1062      "ng-u+ng"    5   11.862837  36.234753  10.678109
1063        "h-u+b"    9   20.119123  28.671356  21.111366
1064        "h-u+j"    4    7.296841  16.177063  24.734529
1065        "h-u+n"    8   14.539140  23.874880  16.995380
1066        "u-p+u"    5   13.417844  11.957089  99.149864
1067        "k-a+a"   18   39.417534  85.817711  41.479992
1068        "k-a+b"    9   21.552069  27.832472  25.327444
1069        "k-a+h"   13   34.765591  68.005882  44.746563
1070        "k-a+i"   16   33.516129  46.798935  27.814377
1071        "k-a+l"  201  416.186066 506.996490 323.880737
1072        "k-a+m"   73  174.975067 233.150146 101.848686
1073        "k-a+n"  293  648.789368 1075.905396 501.079559
1074        "k-a+r"   26   53.875248  74.423897  41.189903
1075        "k-a+s"   19   37.713722  55.115578  32.222130
1076        "k-a+t"   14   35.230450  36.267574  30.023958
1077        "k-a+u"   85  175.306686 286.763702 133.785049
1078        "k-a+w"    4    7.853446  11.994943  10.499681
1079        "k-a+y"   38   85.457092  74.973610  84.027756
1080       "t-e+ng"    5    5.072275   8.015439  13.330454
